  78.000        10.4381
  78.100        10.2605
  78.200        10.0689
  78.300         9.8556
  78.400         9.6184
  78.500         9.3397
  78.600         9.0178
  78.700         8.6253
  78.800         8.1274
  78.900         7.4779
  79.000         6.5518
  79.100         5.1501
  79.200         2.7389
  79.400        67.2277
  79.500        31.5906
  79.600        22.0996
  79.700        18.5965
  79.800        16.7914
  79.900        15.7040
  80.000        14.9812
  80.100        14.4673
  80.200        14.0829
  80.300        13.7790
  80.400        13.5359
  80.500        13.3332
  80.600        13.1585
  80.700        13.0085
  80.800        12.8722
  80.900        12.7416
  81.000        12.6242
  81.100        12.4515
  81.200        12.2250
  81.300        11.5422
  81.400         5.1723
  81.500        10.1236
  81.600        11.6985
  81.700        11.9747
  81.800        11.9908
  81.900        11.9712
  82.000        11.9277
  82.100        11.8767
  82.200        11.8226
  82.300        11.7615
  82.400        11.6989
  82.500        11.6315
  82.600        11.5547
  82.700        11.4659
  82.800        11.3501
  82.900        11.1835
  83.000        10.8503
  83.100         9.4785
  83.200        13.9479
  83.300        12.2336
  83.400        11.8792
  83.500        11.7049
  83.600        11.5915
  83.700        11.5054
  83.800        11.4340
  83.900        11.3712
  84.000        11.3144
  84.100        11.2608
  84.200        11.2106
  84.300        11.1626
  84.400        11.1164
  84.500        11.0709
  84.600        11.0268
  84.700        10.9835
  84.800        10.9406
  84.900        10.8984
  85.000        10.8566
  85.100        10.8152
  85.200        10.7740
  85.300        10.7329
  85.400        10.6923
  85.500        10.6517
  85.600        10.6115
  85.700        10.5707
  85.800        10.5307
  85.900        10.4908
  86.000        10.4512
  86.100        10.4115
  86.200        10.3720
  86.300        10.3325
  86.400        10.2932
  86.500        10.2539
  86.600        10.2146
  86.700        10.1754
  86.800        10.1363
  86.900        10.0972
  87.000        10.0582
  87.100        10.0191
  87.200         9.9800
  87.300         9.9402
  87.400         9.9013
  87.500         9.8622
  87.600         9.8230
  87.700         9.7837
  87.800         9.7445
  87.900         9.7052
  88.000         9.6658
  88.100         9.6262
  88.200         9.5865
  88.300         9.5467
  88.400         9.5067
  88.500         9.4665
  88.600         9.4260
  88.700         9.3852
  88.800         9.3441
  88.900         9.3025
  89.000         9.2603
  89.100         9.2175
  89.200         9.1729
  89.300         9.1330
  89.400         9.0928
  89.500         9.0528
  89.600         9.0135
  89.700         8.9752
  89.800         8.9383
  89.900         8.9031
  90.000         8.8700
  90.100         8.8391
  90.200         8.8110
  90.300         8.7854
  90.400         8.7622
  90.500         8.7411
  90.600         8.7217
  90.700         8.7036
  90.800         8.6864
  90.900         8.6696
  91.000         8.6529
  91.100         8.6357
  91.200         8.6187
  91.300         8.6012
  91.400         8.5833
  91.500         8.5650
  91.600         8.5461
  91.700         8.5267
  91.800         8.5067
  91.900         8.4862
  92.000         8.4651
  92.100         8.4435
  92.200         8.4212
  92.300         8.3983
  92.400         8.3748
  92.500         8.3506
  92.600         8.3258
  92.700         8.3004
  92.800         8.2742
  92.900         8.2473
  93.000         8.2201
  93.100         8.1911
  93.200         8.1628
  93.300         8.1354
  93.400         8.1078
  93.500         8.0803
  93.600         8.0532
  93.700         8.0265
  93.800         8.0008
  93.900         7.9761
  94.000         7.9529
  94.100         7.9312
  94.200         7.9112
  94.300         7.8929
  94.400         7.8761
  94.500         7.8607
  94.600         7.8463
  94.700         7.8327
  94.800         7.8194
  94.900         7.8064
  95.000         7.7933
  95.100         7.7802
  95.200         7.7667
  95.300         7.7530
  95.400         7.7390
  95.500         7.7244
  95.600         7.7096
  95.700         7.6945
  95.800         7.6790
  95.900         7.6630
  96.000         7.6467
  96.100         7.6300
  96.200         7.6128
  96.300         7.5953
  96.400         7.5775
  96.500         7.5593
  96.600         7.5408
  96.700         7.5219
  96.800         7.5027
  96.900         7.4833
  97.000         7.4637
  97.100         7.4438
  97.200         7.4237
  97.300         7.4033
  97.400         7.3829
  97.500         7.3624
  97.600         7.3418
  97.700         7.3211
  97.800         7.3003
  97.900         7.2795
  98.000         7.2587
  98.100         7.2378
  98.200         7.2168
  98.300         7.1959
  98.400         7.1749
  98.500         7.1538
  98.600         7.1328
  98.700         7.1118
  98.800         7.0908
  98.900         7.0698
  99.000         7.0487
  99.100         7.0277
  99.200         7.0066
  99.300         6.9855
  99.400         6.9643
  99.500         6.9432
  99.600         6.9220
  99.700         6.9008
  99.800         6.8796
  99.900         6.8581
 100.000         6.8369
 100.100         6.8156
 100.200         6.7942
 100.300         6.7728
 100.400         6.7515
 100.500         6.7301
 100.600         6.7087
 100.700         6.6875
 100.800         6.6661
 100.900         6.6447
 101.000         6.6233
 101.100         6.6019
 101.200         6.5806
 101.300         6.5590
 101.400         6.5377
 101.500         6.5164
 101.600         6.4951
 101.700         6.4739
 101.800         6.4527
 101.900         6.4314
 102.000         6.4103
 102.100         6.3892
 102.200         6.3681
 102.300         6.3471
 102.400         6.3261
 102.500         6.3052
 102.600         6.2843
 102.700         6.2634
 102.800         6.2424
 102.900         6.2216
 103.000         6.2009
 103.100         6.1802
 103.200         6.1596
 103.300         6.1390
 103.400         6.1184
 103.500         6.0979
 103.600         6.0774
 103.700         6.0573
 103.800         6.0369
 103.900         6.0166
 104.000         5.9962
 104.100         5.9760
 104.200         5.9557
 104.300         5.9355
 104.400         5.9154
 104.500         5.8951
 104.600         5.8750
 104.700         5.8550
 104.800         5.8350
 104.900         5.8151
 105.000         5.7952
 105.100         5.7754
 105.200         5.7556
 105.300         5.7359
 105.400         5.7162
 105.500         5.6966
 105.600         5.6770
 105.700         5.6575
 105.800         5.6381
 105.900         5.6186
 106.000         5.5992
 106.100         5.5799
 106.200         5.5605
 106.300         5.5413
 106.400         5.5222
 106.500         5.5031
 106.600         5.4841
 106.700         5.4652
 106.800         5.4463
 106.900         5.4276
 107.000         5.4092
 107.100         5.3905
 107.200         5.3719
 107.300         5.3534
 107.400         5.3348
 107.500         5.3164
 107.600         5.2980
 107.700         5.2797
 107.800         5.2616
 107.900         5.2434
 108.000         5.2253
 108.100         5.2073
 108.200         5.1892
 108.300         5.1712
 108.400         5.1536
 108.500         5.1358
 108.600         5.1182
 108.700         5.1006
 108.800         5.0831
 108.900         5.0659
 109.000         5.0483
 109.100         5.0314
 109.200         5.0142
 109.300         4.9971
 109.400         4.9802
 109.500         4.9636
 109.600         4.9468
 109.700         4.9303
 109.800         4.9136
 109.900         4.8977
 110.000         4.8814
 110.100         4.8653
 110.200         4.8496
 110.300         4.8339
 110.400         4.8173
 110.500         4.8025
 110.600         4.7886
 110.700         4.7736
 110.800         4.7584
 110.900         4.7458
 111.000         4.7286
 111.100         4.7189
 111.200         4.7067
 111.300         4.6924
 111.400         4.6442
 111.500         4.7158
 111.600         4.3979
 111.700         4.5957
 111.800         4.6671
 111.900         4.6775
 112.000         4.6820
 112.100         4.7190
 112.200         4.7901
 112.300         4.9632
 112.400         5.6134
 112.500         9.1644
 112.600         3.5934
 112.700         3.8975
 112.800         3.9933
 112.900         4.0186
 113.000         3.9981
 113.100         3.9183
 113.200         3.6640
 113.300         2.0728
 113.400         4.7061
 113.500         4.4900
 113.600         4.3935
 113.700         4.3386
 113.800         4.3008
 113.900         4.2721
 114.000         4.2481
 114.100         4.2270
 114.200         4.2077
 114.300         4.1980
 114.400         4.1876
 114.500         4.1766
 114.600         4.1646
 114.700         4.1525
 114.800         4.1402
 114.900         4.1281
 115.000         4.1159
 115.100         4.1036
 115.200         4.0912
 115.300         4.0788
 115.400         4.0664
 115.500         4.0538
 115.600         4.0413
 115.700         4.0286
 115.800         4.0159
 115.900         4.0031
 116.000         3.9904
 116.100         3.9775
 116.200         3.9646
 116.300         3.9518
 116.400         3.9389
 116.500         3.9261
 116.600         3.9133
 116.700         3.9005
 116.800         3.8878
 116.900         3.8751
 117.000         3.8625
 117.100         3.8499
 117.200         3.8374
 117.300         3.8249
 117.400         3.8124
 117.500         3.8001
 117.600         3.7877
 117.700         3.7754
 117.800         3.7632
 117.900         3.7510
 118.000         3.7389
 118.100         3.7268
 118.200         3.7148
 118.300         3.7028
 118.400         3.6909
 118.500         3.6790
 118.600         3.6671
 118.700         3.6554
 118.800         3.6437
 118.900         3.6327
 119.000         3.6211
 119.100         3.6095
 119.200         3.5980
 119.300         3.5866
 119.400         3.5752
 119.500         3.5639
 119.600         3.5526
 119.700         3.5414
 119.800         3.5303
 119.900         3.5192
 120.000         3.5082
 120.100         3.4972
 120.200         3.4863
 120.300         3.4754
 120.400         3.4647
 120.500         3.4539
 120.600         3.4433
 120.700         3.4327
 120.800         3.4221
 120.900         3.4117
 121.000         3.4012
 121.100         3.3908
 121.200         3.3805
 121.300         3.3702
 121.400         3.3600
 121.500         3.3498
 121.600         3.3397
 121.700         3.3297
 121.800         3.3197
 121.900         3.3097
 122.000         3.2998
 122.100         3.2900
 122.200         3.2802
 122.300         3.2704
 122.400         3.2608
 122.500         3.2511
 122.600         3.2416
 122.700         3.2321
 122.800         3.2226
 122.900         3.2132
 123.000         3.2038
 123.100         3.1945
 123.200         3.1853
 123.300         3.1761
 123.400         3.1669
 123.500         3.1578
 123.600         3.1488
 123.700         3.1405
 123.800         3.1316
 123.900         3.1227
 124.000         3.1138
 124.100         3.1052
 124.200         3.0965
 124.300         3.0878
 124.400         3.0792
 124.500         3.0706
 124.600         3.0621
 124.700         3.0536
 124.800         3.0452
 124.900         3.0369
 125.000         3.0285
 125.100         3.0203
 125.200         3.0121
 125.300         3.0039
 125.400         2.9958
 125.500         2.9878
 125.600         2.9798
 125.700         2.9718
 125.800         2.9639
 125.900         2.9561
 126.000         2.9483
 126.100         2.9406
 126.200         2.9329
 126.300         2.9252
 126.400         2.9176
 126.500         2.9101
 126.600         2.9027
 126.700         2.8952
 126.800         2.8878
 126.900         2.8804
 127.000         2.8731
 127.100         2.8659
 127.200         2.8587
 127.300         2.8515
 127.400         2.8444
 127.500         2.8373
 127.600         2.8303
 127.700         2.8235
 127.800         2.8166
 127.900         2.8097
 128.000         2.8029
 128.100         2.7962
 128.200         2.7894
 128.300         2.7828
 128.400         2.7761
 128.500         2.7696
 128.600         2.7630
 128.700         2.7565
 128.800         2.7501
 128.900         2.7437
 129.000         2.7380
 129.100         2.7317
 129.200         2.7255
 129.300         2.7192
 129.400         2.7131
 129.500         2.7070
 129.600         2.7009
 129.700         2.6949
 129.800         2.6889
 129.900         2.6830
 130.000         2.6771
 130.100         2.6713
