  78.000        14.3831
  78.100        14.3272
  78.200        14.2711
  78.300        14.2151
  78.400        14.1595
  78.500        14.1043
  78.600        14.0496
  78.700        13.9954
  78.800        13.9419
  78.900        13.8891
  79.000        13.8368
  79.100        13.7853
  79.200        13.7342
  79.300        13.6837
  79.400        13.6336
  79.500        13.5840
  79.600        13.5345
  79.700        13.4853
  79.800        13.4362
  79.900        13.3871
  80.000        13.3379
  80.100        13.2887
  80.200        13.2391
  80.300        13.1894
  80.400        13.1395
  80.500        13.0893
  80.600        13.0387
  80.700        12.9879
  80.800        12.9366
  80.900        12.8851
  81.000        12.8333
  81.100        12.7811
  81.200        12.7287
  81.300        12.6760
  81.400        12.6231
  81.500        12.5701
  81.600        12.5169
  81.700        12.4635
  81.800        12.4101
  81.900        12.3568
  82.000        12.3033
  82.100        12.2499
  82.200        12.1965
  82.300        12.1432
  82.400        12.0900
  82.500        12.0369
  82.600        11.9839
  82.700        11.9309
  82.800        11.8782
  82.900        11.8255
  83.000        11.7729
  83.100        11.7204
  83.200        11.6680
  83.300        11.6157
  83.400        11.5633
  83.500        11.5111
  83.600        11.4588
  83.700        11.4066
  83.800        11.3545
  83.900        11.3023
  84.000        11.2499
  84.100        11.1949
  84.200        11.1425
  84.300        11.0899
  84.400        11.0372
  84.500        10.9820
  84.600        10.9291
  84.700        10.8759
  84.800        10.8228
  84.900        10.7672
  85.000        10.7136
  85.100        10.6597
  85.200        10.6058
  85.300        10.5515
  85.400        10.4952
  85.500        10.4404
  85.600        10.3853
  85.700        10.3302
  85.800        10.2735
  85.900        10.2175
  86.000        10.1614
  86.100        10.1049
  86.200        10.0482
  86.300         9.9903
  86.400         9.9327
  86.500         9.8749
  86.600         9.8165
  86.700         9.7578
  86.800         9.6984
  86.900         9.6386
  87.000         9.5782
  87.100         9.5175
  87.200         9.4561
  87.300         9.3941
  87.400         9.3318
  87.500         9.2683
  87.600         9.2039
  87.700         9.1387
  87.800         9.0726
  87.900         9.0055
  88.000         8.9379
  88.100         8.8685
  88.200         8.7973
  88.300         8.7247
  88.400         8.6506
  88.500         8.5745
  88.600         8.4964
  88.700         8.4172
  88.800         8.3338
  88.900         8.2479
  89.000         8.1588
  89.100         8.0660
  89.200         7.9686
  89.300         7.8665
  89.400         7.7601
  89.500         7.6459
  89.600         7.5241
  89.700         7.3921
  89.800         7.2505
  89.900         7.0933
  90.000         6.9199
  90.100         6.7226
  90.200         6.4907
  90.300         6.2020
  90.400         5.7992
  90.500         4.9578
  90.600        11.2946
  90.700         6.1328
  90.800         5.3183
  90.900         4.6168
  91.000         3.8228
  91.100         2.8098
  91.205         1.3863
  91.500        40.0017
  91.600        16.3848
  91.700         8.5522
  91.800         2.2436
  91.900        43.0989
  92.000        31.6288
  92.100        22.0843
  92.200        18.4168
  92.300        16.5083
  92.400        15.3238
  92.500        13.3411
  92.600        16.0756
  92.700        15.6726
  92.800        14.7343
  92.900        16.4765
  93.000        20.7479
  93.100        30.8942
  93.200         1.3432
  93.300         2.3794
  93.400         4.2482
  93.500         5.2541
  93.600         5.8099
  93.700         6.1384
  93.800         6.3287
  93.900         6.4331
  94.000         6.4806
  94.100         6.4859
  94.200         7.8225
  94.300         7.9105
  94.400         7.9802
  94.500         8.0365
  94.600         8.0793
  94.700         8.1140
  94.800         8.1377
  94.900         8.1550
  95.000         8.1652
  95.100         8.1637
  95.200         8.1076
  95.300         7.0100
  95.400         8.1333
  95.500         8.1438
  95.600         8.1336
  95.700         8.1192
  95.800         8.1029
  95.900         8.0833
  96.000         8.0623
  96.100         8.0404
  96.200         8.0174
  96.300         7.9940
  96.400         7.9700
  96.500         7.9458
  96.600         7.9216
  96.700         7.8970
  96.800         7.8726
  96.900         7.8482
  97.000         7.8247
  97.100         7.8004
  97.200         7.7761
  97.300         7.7518
  97.400         7.7275
  97.500         7.7031
  97.600         7.6785
  97.700         7.6539
  97.800         7.6291
  97.900         7.6042
  98.000         7.5790
  98.100         7.5536
  98.200         7.5280
  98.300         7.5025
  98.400         7.4764
  98.500         7.4500
  98.600         7.4234
  98.700         7.3964
  98.800         7.3694
  98.900         7.3421
  99.000         7.3147
  99.100         7.2871
  99.200         7.2594
  99.300         7.2316
  99.400         7.2036
  99.500         7.1757
  99.600         7.1478
  99.700         7.1199
  99.800         7.0920
  99.900         7.0641
 100.000         7.0363
 100.100         7.0086
 100.200         6.9809
 100.300         6.9534
 100.400         6.9259
 100.500         6.8985
 100.600         6.8712
 100.700         6.8441
 100.800         6.8170
 100.900         6.7901
 101.000         6.7634
 101.100         6.7367
 101.200         6.7101
 101.300         6.6833
 101.400         6.6569
 101.500         6.6307
 101.600         6.6044
 101.700         6.5782
 101.800         6.5521
 101.900         6.5260
 102.000         6.4999
 102.100         6.4738
 102.200         6.4470
 102.300         6.4210
 102.400         6.3950
 102.500         6.3683
 102.600         6.3423
 102.700         6.3164
 102.800         6.2905
 102.900         6.2640
 103.000         6.2374
 103.100         6.2114
 103.200         6.1856
 103.300         6.1598
 103.400         6.1334
 103.500         6.1076
 103.600         6.0818
 103.700         6.0561
 103.800         6.0304
 103.900         6.0042
 104.000         5.9786
 104.100         5.9530
 104.200         5.9274
 104.300         5.9019
 104.400         5.8760
 104.500         5.8506
 104.600         5.8252
 104.700         5.7991
 104.800         5.7739
 104.900         5.7485
 105.000         5.7234
 105.100         5.6983
 105.200         5.6732
 105.300         5.6483
 105.400         5.6235
 105.500         5.5986
 105.600         5.5738
 105.700         5.5491
 105.800         5.5245
 105.900         5.4999
 106.000         5.4754
 106.100         5.4510
 106.200         5.4265
 106.300         5.4022
 106.400         5.3778
 106.500         5.3536
 106.600         5.3293
 106.700         5.3044
 106.800         5.2802
 106.900         5.2560
 107.000         5.2319
 107.100         5.2078
 107.200         5.1838
 107.300         5.1597
 107.400         5.1361
 107.500         5.1120
 107.600         5.0880
 107.700         5.0640
 107.800         5.0400
 107.900         5.0161
 108.000         4.9919
 108.100         4.9682
 108.200         4.9442
 108.300         4.9201
 108.400         4.8958
 108.500         4.8717
 108.600         4.8474
 108.700         4.8233
 108.800         4.7977
 108.900         4.7738
 109.000         4.7493
 109.100         4.7245
 109.200         4.6997
 109.300         4.6751
 109.400         4.6498
 109.500         4.6247
 109.600         4.5992
 109.700         4.5732
 109.800         4.5480
 109.900         4.5213
 110.000         4.4947
 110.100         4.4674
 110.200         4.4396
 110.300         4.4114
 110.400         4.3813
 110.500         4.3528
 110.600         4.3201
 110.700         4.2897
 110.800         4.2518
 110.900         4.2190
 111.000         4.1769
 111.100         4.1296
 111.200         4.0765
 111.300         4.0119
 111.400         3.9393
 111.500         3.8544
 111.600         4.0634
 111.700         3.9754
 111.800         2.5684
 111.900        21.9000
 112.000         5.5704
 112.100         4.8203
 112.200         4.5421
 112.300         4.3863
 112.400         4.2719
 112.500         4.1782
 112.600         4.0904
 112.700         3.9795
 112.800         3.7607
 112.900         3.6990
 113.000         3.4743
 113.100         2.7502
 113.200         9.1007
 113.300         4.8486
 113.400         4.4185
 113.500         4.2391
 113.600         4.1296
 113.700         4.0515
 113.800         3.9889
 113.900         3.9347
 114.000         3.8852
 114.100         4.2550
 114.200         4.2335
 114.300         4.2128
 114.400         4.1921
 114.500         4.1718
 114.600         4.1509
 114.700         4.1286
 114.800         4.1053
 114.900         4.0800
 115.000         4.0523
 115.100         4.0215
 115.200         3.9859
 115.300         3.9436
 115.400         3.8914
 115.500         3.8220
 115.600         3.7191
 115.700         3.5353
 115.800         3.0436
 115.900        33.0772
 116.000         5.1448
 116.100         4.5056
 116.200         4.2949
 116.300         4.1784
 116.400         4.0995
 116.500         4.0360
 116.600         3.9794
 116.700         3.9199
 116.800         3.8383
 116.900         3.6956
 117.000         3.6030
 117.100         3.3104
 117.300         4.6483
 117.400         4.2060
 117.500         4.0607
 117.600         3.9806
 117.700         3.9253
 117.800         3.8822
 117.900         3.8454
 118.000         3.8125
 118.100         3.7817
 118.200         4.0078
 118.300         3.9957
 118.400         3.9842
 118.500         3.9732
 118.600         3.9625
 118.700         3.9518
 118.800         3.9412
 118.900         3.9304
 119.000         3.9195
 119.100         3.9085
 119.200         3.8974
 119.300         3.8852
 119.400         3.8739
 119.500         3.8627
 119.600         3.8514
 119.700         3.8403
 119.800         3.8294
 119.900         3.8188
 120.000         3.8085
 120.100         3.7987
 120.200         3.7895
 120.300         3.7809
 120.400         3.7732
 120.500         3.7663
 120.600         3.7606
 120.700         3.7562
 120.800         3.7537
 120.900         3.7533
 121.000         3.7558
 121.100         3.7624
 121.200         3.7749
 121.300         3.7962
 121.400         3.8318
 121.500         3.8938
 121.600         4.0098
 121.700         4.2729
 121.800         5.2333
 121.900        35.3467
 122.000         2.6467
 122.100         2.9397
 122.200         3.0767
 122.300         3.1470
 122.400         3.1858
 122.500         3.2070
 122.600         3.2164
 122.700         3.2184
 122.800         3.2136
 122.900         3.2022
 123.000         3.1828
 123.100         3.1514
 123.200         3.0970
 123.300         2.9848
 123.400         2.6508
 123.600         3.4207
 123.700         3.4128
 123.800         3.3709
 123.900         3.3392
 124.000         3.3144
 124.100         3.2942
 124.200         3.2769
 124.300         3.2614
 124.400         3.2473
 124.500         3.2341
 124.600         3.2216
 124.700         3.2093
 124.800         3.1978
 124.900         3.1866
 125.000         3.1757
 125.100         3.1650
 125.200         3.1545
 125.300         3.1442
 125.400         3.1340
 125.500         3.1239
 125.600         3.1140
 125.700         3.1042
 125.800         3.0945
 125.900         3.0848
 126.000         3.0752
 126.100         3.0657
 126.200         3.0558
 126.300         3.0464
 126.400         3.0371
 126.500         3.0279
 126.600         3.0186
 126.700         3.0095
 126.800         3.0000
 126.900         2.9910
 127.000         2.9820
 127.100         2.9730
 127.200         2.9642
 127.300         2.9554
 127.400         2.9466
 127.500         2.9380
 127.600         2.9294
 127.700         2.9209
 127.800         2.9126
 127.900         2.9043
 128.000         2.8962
 128.100         2.8883
 128.200         2.8806
 128.300         2.8732
 128.400         2.8661
 128.500         2.8596
 128.600         2.8539
 128.700         2.8495
 128.800         2.8474
 128.900         2.8504
 129.000         2.8681
 129.100         2.9785
 129.200         2.5314
 129.300         2.6689
 129.400         2.7413
 129.500         2.7392
 129.600         2.7364
 129.700         2.7327
 129.800         2.7285
 129.900         2.7250
 130.000         2.7236
 130.100         2.7182
