  78.000        11.9431
  78.100         9.0959
  78.200         2.4699
  78.300        32.8154
  78.400        23.1470
  78.500        19.5744
  78.600        17.8681
  78.700        16.8058
  78.800        16.0330
  78.900        15.4086
  79.000        14.8645
  79.100        14.3597
  79.200        16.0372
  79.300        15.9901
  79.400        15.9462
  79.500        15.9047
  79.600        15.8646
  79.700        15.8255
  79.800        15.7868
  79.900        15.7477
  80.000        15.7080
  80.100        15.6673
  80.200        15.6255
  80.300        15.5821
  80.400        15.5374
  80.500        15.4918
  80.600        15.4437
  80.700        15.3960
  80.800        15.3456
  80.900        15.2901
  81.000        15.1836
  81.100        15.1940
  81.200        15.1418
  81.300        15.0922
  81.400        15.0412
  81.500        14.9910
  81.600        14.9408
  81.700        14.8909
  81.800        14.8415
  81.900        14.7929
  82.000        14.7447
  82.100        14.6970
  82.200        14.6500
  82.300        14.6035
  82.400        14.5573
  82.500        14.5115
  82.600        14.4660
  82.700        14.4207
  82.800        14.3755
  82.900        14.3304
  83.000        14.2853
  83.100        14.2401
  83.200        14.1949
  83.300        14.1493
  83.400        14.1036
  83.500        14.0576
  83.600        14.0114
  83.700        13.9648
  83.800        13.9179
  83.900        13.8706
  84.000        13.8231
  84.100        13.7754
  84.200        13.7273
  84.300        13.6790
  84.400        13.6305
  84.500        13.5819
  84.600        13.5331
  84.700        13.4841
  84.800        13.4351
  84.900        13.3858
  85.000        13.3368
  85.100        13.2877
  85.200        13.2387
  85.300        13.1897
  85.400        13.1409
  85.500        13.0921
  85.600        13.0434
  85.700        12.9949
  85.800        12.9465
  85.900        12.8982
  86.000        12.8501
  86.100        12.8021
  86.200        12.7542
  86.300        12.7064
  86.400        12.6588
  86.500        12.6113
  86.600        12.5638
  86.700        12.5164
  86.800        12.4690
  86.900        12.4217
  87.000        12.3743
  87.100        12.3270
  87.200        12.2771
  87.300        12.2298
  87.400        12.1825
  87.500        12.1352
  87.600        12.0853
  87.700        12.0379
  87.800        11.9905
  87.900        11.9430
  88.000        11.8932
  88.100        11.8456
  88.200        11.7979
  88.300        11.7500
  88.400        11.7004
  88.500        11.6524
  88.600        11.6044
  88.700        11.5563
  88.800        11.5082
  88.900        11.4586
  89.000        11.4102
  89.100        11.3618
  89.200        11.3133
  89.300        11.2647
  89.400        11.2153
  89.500        11.1665
  89.600        11.1176
  89.700        11.0687
  89.800        11.0197
  89.900        10.9704
  90.000        10.9211
  90.100        10.8717
  90.200        10.8223
  90.300        10.7728
  90.400        10.7232
  90.500        10.6737
  90.600        10.6237
  90.700        10.5736
  90.800        10.5234
  90.900        10.4731
  91.000        10.4227
  91.100        10.3727
  91.200        10.3218
  91.300        10.2705
  91.400        10.2191
  91.500        10.1673
  91.600        10.1153
  91.700        10.0642
  91.800        10.0113
  91.900         9.9579
  92.000         9.9039
  92.100         9.8496
  92.200         9.7947
  92.300         9.7391
  92.400         9.6843
  92.500         9.6271
  92.600         9.5688
  92.700         9.5094
  92.800         9.4488
  92.900         9.3866
  93.000         9.3229
  93.100         9.2570
  93.200         9.1905
  93.300         9.1193
  93.400         9.0445
  93.500         8.9652
  93.600         8.8803
  93.700         8.7873
  93.800         8.6832
  93.900         8.5621
  94.000         8.4145
  94.100         8.2099
  94.200         7.8684
  94.300         6.9444
  94.400        19.5345
  94.500         9.5865
  94.600         8.8766
  94.700         8.5357
  94.800         8.2840
  94.900         8.0493
  95.000         7.8041
  95.100         7.5241
  95.200         7.1781
  95.300         6.7135
  95.400         6.0206
  95.500         4.8233
  95.600         2.3778
  95.700        34.6581
  95.800        17.8664
  95.900        12.8895
  96.000        11.1641
  96.100        10.2392
  96.200         9.5718
  96.300         8.7157
  96.400         9.5034
  96.500         8.8831
  96.600         7.9314
  96.700         7.1464
  96.800         6.2266
  96.900         3.8088
  97.000        38.5661
  97.100        14.6757
  97.200        11.6397
  97.300        10.5517
  97.400         9.9640
  97.500         9.5759
  97.600         9.2864
  97.700         9.0521
  97.800         8.8472
  97.900         8.6590
  98.000         9.8864
  98.100         9.8808
  98.200         9.8802
  98.300         9.8827
  98.400         9.8883
  98.500         9.8965
  98.600         9.9072
  98.700         9.9195
  98.800         9.9338
  98.900         9.9519
  99.000         9.9713
  99.100         9.9936
  99.200        10.0187
  99.300        10.0483
  99.400        10.0824
  99.500        10.1228
  99.600        10.1696
  99.700        10.2247
  99.800        10.2907
  99.900        10.3674
 100.000        10.4582
 100.100        10.5675
 100.200        10.6980
 100.300        10.8541
 100.400        11.0442
 100.500        11.2763
 100.600        11.5610
 100.700        11.9174
 100.800        12.3801
 100.900        12.9909
 101.000        13.8197
 101.100        15.0015
 101.200        16.8232
 101.300        19.8864
 101.400        25.9097
 101.500        40.8075
 101.600        77.8677
 101.900         0.9360
 102.000         1.8156
 102.100         2.6235
 102.200         3.2737
 102.300         3.7793
 102.400         4.1799
 102.500         4.4983
 102.600         4.7558
 102.700         4.9702
 102.800         5.1459
 102.900         5.2930
 103.000         5.4147
 103.100         5.5173
 103.200         5.6045
 103.300         5.6784
 103.400         5.7336
 103.500         5.7788
 103.600         5.8007
 103.700         5.7868
 103.800         5.6753
 103.900         4.9245
 104.000         1.5296
 104.100         5.3455
 104.200         5.8154
 104.300         5.9500
 104.400         6.0048
 104.500         6.0358
 104.600         6.0564
 104.700         6.0690
 104.800         6.0754
 104.900         6.0829
 105.000         6.0851
 105.100         6.0858
 105.200         6.0849
 105.300         6.0823
 105.400         6.0784
 105.500         6.0732
 105.600         6.0671
 105.700         6.0598
 105.800         6.0504
 105.900         6.0386
 106.000         6.0171
 106.100         5.9006
 106.200         5.7690
 106.300         5.9757
 106.400         5.9828
 106.500         5.9746
 106.600         5.9635
 106.700         5.9507
 106.800         5.9369
 106.900         5.9230
 107.000         5.9087
 107.100         5.8940
 107.200         5.8783
 107.300         5.8628
 107.400         5.8471
 107.500         5.8309
 107.600         5.8147
 107.700         5.7978
 107.800         5.7802
 107.900         5.7631
 108.000         5.7461
 108.100         5.7289
 108.200         5.7110
 108.300         5.6935
 108.400         5.6756
 108.500         5.6577
 108.600         5.6398
 108.700         5.6212
 108.800         5.6032
 108.900         5.5848
 109.000         5.5665
 109.100         5.5482
 109.200         5.5297
 109.300         5.5107
 109.400         5.4924
 109.500         5.4731
 109.600         5.4546
 109.700         5.4349
 109.800         5.4158
 109.900         5.3976
 110.000         5.3783
 110.100         5.3591
 110.200         5.3410
 110.300         5.3218
 110.400         5.3042
 110.500         5.2843
 110.600         5.2651
 110.700         5.2457
 110.800         5.2258
 110.900         5.2088
 111.000         5.1915
 111.100         5.1742
 111.200         5.1460
 111.300         5.1340
 111.400         5.1304
 111.500         5.0642
 111.600         5.0996
 111.700         4.4743
 111.800         4.9680
 111.900         5.0153
 112.000         4.9586
 112.100         4.9865
 112.200         4.9601
 112.300         4.9381
 112.400         4.9235
 112.500         4.9043
 112.600         4.8846
 112.700         4.8642
 112.800         4.8460
 112.900         4.8275
 113.000         4.8088
 113.100         4.7901
 113.200         4.7713
 113.300         4.7517
 113.400         4.7332
 113.500         4.7145
 113.600         4.6967
 113.700         4.6779
 113.800         4.6591
 113.900         4.6404
 114.000         4.6214
 114.100         4.6023
 114.200         4.5836
 114.300         4.5654
 114.400         4.5466
 114.500         4.5292
 114.600         4.5105
 114.700         4.4926
 114.800         4.4740
 114.900         4.4559
 115.000         4.4378
 115.100         4.4196
 115.200         4.4014
 115.300         4.3836
 115.400         4.3656
 115.500         4.3482
 115.600         4.3304
 115.700         4.3127
 115.800         4.2949
 115.900         4.2771
 116.000         4.2595
 116.100         4.2418
 116.200         4.2243
 116.300         4.2067
 116.400         4.1893
 116.500         4.1723
 116.600         4.1550
 116.700         4.1364
 116.800         4.1191
 116.900         4.1018
 117.000         4.0845
 117.100         4.0673
 117.200         4.0502
 117.300         4.0332
 117.400         4.0161
 117.500         3.9991
 117.600         3.9826
 117.700         3.9657
 117.800         3.9488
 117.900         3.9320
 118.000         3.9152
 118.100         3.8985
 118.200         3.8817
 118.300         3.8651
 118.400         3.8484
 118.500         3.8318
 118.600         3.8153
 118.700         3.7987
 118.800         3.7823
 118.900         3.7662
 119.000         3.7498
 119.100         3.7334
 119.200         3.7171
 119.300         3.7008
 119.400         3.6834
 119.500         3.6672
 119.600         3.6510
 119.700         3.6349
 119.800         3.6187
 119.900         3.6026
 120.000         3.5865
 120.100         3.5705
 120.200         3.5547
 120.300         3.5387
 120.400         3.5227
 120.500         3.5067
 120.600         3.4907
 120.700         3.4748
 120.800         3.4589
 120.900         3.4430
 121.000         3.4270
 121.100         3.4111
 121.200         3.3952
 121.300         3.3792
 121.400         3.3632
 121.500         3.3472
 121.600         3.3313
 121.700         3.3152
 121.800         3.2991
 121.900         3.2828
 122.000         3.2665
 122.100         3.2500
 122.200         3.2334
 122.300         3.2166
 122.400         3.1986
 122.500         3.1813
 122.600         3.1636
 122.700         3.1456
 122.800         3.1271
 122.900         3.1080
 123.000         3.0880
 123.100         3.0671
 123.200         3.0448
 123.300         3.0206
 123.400         2.9937
 123.500         2.9630
 123.600         2.9264
 123.700         2.8799
 123.800         2.8149
 123.900         2.7098
 124.000         2.4854
 124.100         1.4898
 124.200         4.5878
 124.300         3.5063
 124.400         3.2761
 124.500         3.1678
 124.600         3.1000
 124.700         3.0489
 124.800         3.0045
 124.900         2.9593
 125.000         2.8988
 125.100         2.8153
 125.200         2.7527
 125.300         2.5820
 125.400         1.5146
 125.500         3.8046
 125.600         3.3123
 125.700         3.2084
 125.800         3.1925
 125.900         3.2405
 126.000         3.4011
 126.100         3.9722
 126.200        13.7344
 126.300         2.0546
 126.400         2.4812
 126.500         2.6113
 126.600         2.6770
 126.700         2.7124
 126.800         2.7309
 126.900         2.7386
 127.000         2.7388
 127.100         2.7327
 127.200         2.7210
 127.300         2.7031
 127.400         2.6776
 127.500         2.6412
 127.600         2.5824
 127.800         2.0144
 127.900         2.3854
 128.000         2.5287
 128.100         2.3622
 128.200         1.8897
 128.300        10.3570
 128.400         3.7741
 128.500         3.2458
 128.600         3.0641
 128.700         2.9650
 128.800         2.8978
 128.900         2.8447
 129.000         2.7970
 129.100         2.7464
 129.200         2.6758
 129.300         2.5699
 129.400         2.4813
 129.500         2.2021
 129.600        10.1300
 129.700         3.2823
 129.800         2.9807
 129.900         2.8725
 130.000         2.8115
 130.100         2.7691
