  78.000        13.4260
  78.100        13.3108
  78.200        13.1951
  78.300        13.0796
  78.400        12.9643
  78.500        12.8481
  78.600        12.7319
  78.700        12.6152
  78.800        12.4990
  78.900        12.3815
  79.000        12.2648
  79.100        12.1457
  79.200        12.0282
  79.300        11.9101
  79.400        11.7904
  79.500        11.6696
  79.600        11.5497
  79.700        11.4290
  79.800        11.3080
  79.900        11.1828
  80.000        11.0618
  80.100        10.9371
  80.200        10.8102
  80.300        10.6902
  80.400        10.5749
  80.500        10.4921
  80.600        10.4225
  80.700        10.6344
  80.800        16.8314
  80.900        31.3539
  81.000        10.2557
  81.100         9.6874
  81.200         9.3827
  81.300         9.1518
  81.400         8.9390
  81.500         8.7217
  81.600         8.5000
  81.700         8.2660
  81.800         8.0134
  81.900         7.7440
  82.000         7.4508
  82.100         7.1295
  82.200         6.7725
  82.300         6.3748
  82.400         5.9262
  82.500         5.4131
  82.600         4.8206
  82.700         4.1286
  82.800         3.3232
  82.900         2.3908
  83.000         1.4052
  83.500        65.2353
  83.600        44.1224
  83.700        32.8537
  83.800        26.7199
  83.900        22.9825
  84.000        20.4985
  84.100        18.7338
  84.200        17.4137
  84.300        16.3854
  84.400        15.5553
  84.500        14.8685
  84.600        14.2799
  84.700        13.7161
  84.800         8.9712
  84.900        12.8556
  85.000        12.6341
  85.100        12.3385
  85.200        12.0616
  85.300        11.8036
  85.400        11.5628
  85.500        11.3354
  85.600        11.1207
  85.700        10.9159
  85.800        10.7200
  85.900        10.5323
  86.000        10.3482
  86.100        10.1685
  86.200         9.9906
  86.300         9.8131
  86.400         9.6339
  86.500         9.4498
  86.600         9.2580
  86.700         9.0472
  86.800         8.8035
  86.900         8.4886
  87.000         7.9687
  87.100         6.2022
  87.200        11.9187
  87.300         9.4044
  87.400         8.7965
  87.500         8.4145
  87.600         8.0897
  87.700         7.7692
  87.800         7.4232
  87.900         7.0213
  88.000         6.5202
  88.100         5.8398
  88.200         4.8124
  88.300         3.0377
  88.400         2.3920
  88.500        34.7183
  88.600        16.6678
  88.700        12.7429
  88.800        11.0586
  88.900        10.0361
  89.000         9.2039
  89.100         9.5975
  89.200         8.9742
  89.300         7.9988
  89.400         6.8012
  89.500         6.1508
  89.600         4.6507
  89.700         1.3944
  89.800        25.6453
  89.900        13.4268
  90.000        11.0485
  90.100        10.0040
  90.200         9.3806
  90.300         8.9419
  90.400         8.5992
  90.500         8.3108
  90.600         8.0543
  90.700         9.4167
  90.800         9.3655
  90.900         9.3203
  91.000         9.2767
  91.100         9.2351
  91.200         9.1949
  91.300         9.1553
  91.400         9.1158
  91.500         9.0758
  91.600         9.0351
  91.700         8.9934
  91.800         8.9508
  91.900         8.9087
  92.000         8.8643
  92.100         8.8191
  92.200         8.7735
  92.300         8.7274
  92.400         8.6812
  92.500         8.6350
  92.600         8.5889
  92.700         8.5432
  92.800         8.4980
  92.900         8.4532
  93.000         8.4091
  93.100         8.3667
  93.200         8.3241
  93.300         8.2821
  93.400         8.2408
  93.500         8.2003
  93.600         8.1603
  93.700         8.1209
  93.800         8.0820
  93.900         8.0436
  94.000         8.0056
  94.100         7.9679
  94.200         7.9304
  94.300         7.8939
  94.400         7.8568
  94.500         7.8197
  94.600         7.7827
  94.700         7.7457
  94.800         7.7085
  94.900         7.6714
  95.000         7.6340
  95.100         7.5967
  95.200         7.5592
  95.300         7.5215
  95.400         7.4838
  95.500         7.4460
  95.600         7.4085
  95.700         7.3707
  95.800         7.3327
  95.900         7.2948
  96.000         7.2568
  96.100         7.2188
  96.200         7.1808
  96.300         7.1429
  96.400         7.1050
  96.500         7.0672
  96.600         7.0295
  96.700         6.9918
  96.800         6.9541
  96.900         6.9166
  97.000         6.8791
  97.100         6.8417
  97.200         6.8043
  97.300         6.7670
  97.400         6.7294
  97.500         6.6920
  97.600         6.6546
  97.700         6.6169
  97.800         6.5792
  97.900         6.5413
  98.000         6.5031
  98.100         6.4646
  98.200         6.4257
  98.300         6.3864
  98.400         6.3466
  98.500         6.3057
  98.600         6.2645
  98.700         6.2215
  98.800         6.1782
  98.900         6.1335
  99.000         6.0871
  99.100         6.0379
  99.200         5.9867
  99.300         5.9322
  99.400         5.8732
  99.500         5.8075
  99.600         5.7340
  99.700         5.6481
  99.800         5.5429
  99.900         5.4045
 100.000         5.2044
 100.100         4.8615
 100.200         4.0483
 100.400         8.7904
 100.500         7.0065
 100.600         6.4849
 100.700         6.2135
 100.800         6.0331
 100.900         5.8884
 101.000         5.7558
 101.100         5.6076
 101.200         5.2496
 101.300         5.2185
 101.400         4.9650
 101.500         4.3189
 101.700         7.2887
 101.800         6.3033
 101.900         5.9747
 102.000         5.7922
 102.100         5.6665
 102.200         5.5678
 102.300         5.4836
 102.400         5.4078
 102.500         5.3367
 102.600         5.7341
 102.700         5.6999
 102.800         5.6657
 102.900         5.6310
 103.000         5.5953
 103.100         5.5577
 103.200         5.5173
 103.300         5.4735
 103.400         5.4242
 103.500         5.3677
 103.600         5.3005
 103.700         5.2168
 103.800         5.1051
 103.900         4.9387
 104.000         4.6442
 104.100         3.8860
 104.300         7.5535
 104.400         6.3293
 104.500         5.9510
 104.600         5.7510
 104.700         5.6159
 104.800         5.5090
 104.900         5.4145
 105.000         5.3119
 105.100         5.1756
 105.200         4.9763
 105.300         4.8221
 105.400         4.3958
 105.500         1.0266
 105.600         6.7280
 105.700         5.8384
 105.800         5.5754
 105.900         5.4359
 106.000         5.3405
 106.100         5.2678
 106.200         5.2067
 106.300         5.1530
 106.400         5.1025
 106.500         5.3808
 106.600         5.3611
 106.700         5.3424
 106.800         5.3242
 106.900         5.3065
 107.000         5.2891
 107.100         5.2717
 107.200         5.2548
 107.300         5.2370
 107.400         5.2190
 107.500         5.2007
 107.600         5.1822
 107.700         5.1634
 107.800         5.1443
 107.900         5.1250
 108.000         5.1057
 108.100         5.0864
 108.200         5.0674
 108.300         5.0469
 108.400         5.0276
 108.500         5.0085
 108.600         4.9895
 108.700         4.9704
 108.800         4.9519
 108.900         4.9334
 109.000         4.9152
 109.100         4.8972
 109.200         4.8795
 109.300         4.8623
 109.400         4.8451
 109.500         4.8281
 109.600         4.8110
 109.700         4.7941
 109.800         4.7770
 109.900         4.7605
 110.000         4.7440
 110.100         4.7278
 110.200         4.7115
 110.300         4.6948
 110.400         4.6784
 110.500         4.6627
 110.600         4.6460
 110.700         4.6301
 110.800         4.6129
 110.900         4.5962
 111.000         4.5804
 111.100         4.5640
 111.200         4.5524
 111.300         4.5272
 111.400         4.5107
 111.500         4.5055
 111.700         4.4711
 111.800         4.4425
 111.900         4.4375
 112.000         4.4170
 112.100         4.4050
 112.200         4.3862
 112.300         4.3723
 112.400         4.3574
 112.500         4.3414
 112.600         4.3256
 112.700         4.3089
 112.800         4.2941
 112.900         4.2789
 113.000         4.2640
 113.100         4.2490
 113.200         4.2343
 113.300         4.2197
 113.400         4.2050
 113.500         4.1903
 113.600         4.1748
 113.700         4.1607
 113.800         4.1465
 113.900         4.1324
 114.000         4.1185
 114.100         4.1045
 114.200         4.0909
 114.300         4.0774
 114.400         4.0637
 114.500         4.0505
 114.600         4.0371
 114.700         4.0240
 114.800         4.0111
 114.900         3.9981
 115.000         3.9854
 115.100         3.9729
 115.200         3.9605
 115.300         3.9482
 115.400         3.9362
 115.500         3.9244
 115.600         3.9127
 115.700         3.9013
 115.800         3.8902
 115.900         3.8795
 116.000         3.8691
 116.100         3.8590
 116.200         3.8496
 116.300         3.8406
 116.400         3.8324
 116.500         3.8249
 116.600         3.8176
 116.700         3.8124
 116.800         3.8088
 116.900         3.8074
 117.000         3.8087
 117.100         3.8140
 117.200         3.8249
 117.300         3.8443
 117.400         3.8777
 117.500         3.9361
 117.600         4.0474
 117.700         4.2971
 117.800         5.1769
 118.000         2.6282
 118.100         2.9540
 118.200         3.0990
 118.300         3.1714
 118.400         3.2101
 118.500         3.2304
 118.600         3.2387
 118.700         3.2382
 118.800         3.2302
 118.900         3.2143
 119.000         3.1884
 119.100         3.1468
 119.200         3.0740
 119.300         2.9229
 119.400         2.4576
 119.500         2.6570
 119.600         3.5933
 119.700         3.5183
 119.800         3.4559
 119.900         3.4133
 120.000         3.3824
 120.100         3.3579
 120.200         3.3374
 120.300         3.3195
 120.400         3.3034
 120.500         3.2886
 120.600         3.2748
 120.700         3.2617
 120.800         3.2492
 120.900         3.2372
 121.000         3.2255
 121.100         3.2141
 121.200         3.2027
 121.300         3.1918
 121.400         3.1811
 121.500         3.1706
 121.600         3.1602
 121.700         3.1500
 121.800         3.1399
 121.900         3.1299
 122.000         3.1200
 122.100         3.1103
 122.200         3.1006
 122.300         3.0910
 122.400         3.0815
 122.500         3.0721
 122.600         3.0628
 122.700         3.0536
 122.800         3.0445
 122.900         3.0354
 123.000         3.0265
 123.100         3.0176
 123.200         3.0088
 123.300         3.0001
 123.400         2.9912
 123.500         2.9823
 123.600         2.9739
 123.700         2.9657
 123.800         2.9575
 123.900         2.9495
 124.000         2.9417
 124.100         2.9341
 124.200         2.9268
 124.300         2.9198
 124.400         2.9132
 124.500         2.9072
 124.600         2.9021
 124.700         2.8986
 124.800         2.8979
 124.900         2.9036
 125.000         2.9311
 125.100         3.1853
 125.200         2.6574
 125.300         2.6435
 125.400         2.8044
 125.500         2.7968
 125.600         2.7927
 125.700         2.7882
 125.800         2.7842
 125.900         2.7813
 126.000         2.7799
 126.100         2.7742
 126.200         2.7709
 126.300         2.7703
 126.400         2.7752
 126.500         2.7968
 126.600         2.9498
 126.700         2.5251
 126.800         2.6113
 126.900         2.6718
 127.000         2.6739
 127.100         2.6712
 127.200         2.6676
 127.300         2.6635
 127.400         2.6586
 127.500         2.7191
 127.600         2.7122
 127.700         2.7055
 127.800         2.6989
 127.900         2.6925
 128.000         2.6861
 128.100         2.6798
 128.200         2.6731
 128.300         2.6669
 128.400         2.6607
 128.500         2.6545
 128.600         2.6483
 128.700         2.6421
 128.800         2.6359
 128.900         2.6296
 129.000         2.6234
 129.100         2.6172
 129.200         2.6110
 129.300         2.6049
 129.400         2.5987
 129.500         2.5926
 129.600         2.5866
 129.700         2.5805
 129.800         2.5746
 129.900         2.5687
 130.000         2.5628
 130.100         2.5570
